2
potez
0
10
10
0
0
-1
49.5
88
M
0

0
1
11
11

1

potez
1
10
10
0
0
-1
48.5
86
M
0

0
1
11
11

1

potez
2
10
10
0
0
-1
47.5
84
M
0

0
1
11
11

1

potez
3
10
10
0
0
-1
46.5
82
M
0

0
1
11
11

1

potez
4
10
10
0
0
-1
45.5
80
M
0

0
1
11
11

1

potez
5
10
10
0
0
-1
44.5
78
M
0

0
1
11
11

1

potez
6
10
10
0
0
-1
43.5
76
M
0

0
1
11
11

1

potez
7
10
10
0
0
-1
42.5
74
M
0

0
1
11
11

1

potez
8
10
10
0
0
-1
41.5
72
M
0

0
1
11
11

1

potez
9
10
10
0
0
-1
40.5
70
M
0

0
1
11
11

1

potez
10
10
10
0
0
-1
39.5
68
M
0

0
1
11
11

1

potez
11
10
10
0
0
-1
38.5
66
M
0

0
1
11
11

1

potez
12
10
10
0
0
-1
37.5
64
M
0

0
1
11
11

1

potez
13
10
10
0
0
-1
36.5
62
M
0

0
1
11
11

1

potez
14
10
10
0
0
-1
35.5
60
M
0

0
1
11
11

1

potez
15
10
10
0
0
-1
34.5
58
M
0

0
1
11
11

1

potez
16
10
10
0
0
-1
33.5
56
M
0

0
1
11
11

1

potez
17
10
10
0
0
-1
32.5
54
M
0

0
1
11
11

1

potez
18
10
10
0
0
-1
31.5
52
M
0

0
1
11
11

1

potez
19
10
10
0
0
-1
30.5
50
M
0

0
1
11
11

1

potez
20
10
10
0
0
-1
29.5
48
M
0

0
1
11
11

1

potez
21
10
10
0
0
-1
28.5
46
M
0

0
1
11
11

1

potez
22
10
10
0
0
-1
27.5
44
M
0

0
1
11
11

1

potez
23
10
10
0
0
-1
26.5
42
M
0

0
1
11
11

1

potez
24
10
10
0
0
-1
25.5
40
M
0

0
1
11
11

1

potez
25
10
10
0
0
-1
24.5
38
M
0

0
1
11
11

1

potez
26
10
10
0
0
-1
23.5
36
M
0

0
1
11
11

1

potez
27
10
10
0
0
-1
22.5
34
M
0

0
1
11
11

1

potez
28
10
10
0
0
-1
21.5
32
M
0

0
1
11
11

1

potez
29
10
10
0
0
-1
20.5
30
M
0

0
1
11
11

1

potez
30
10
10
0
0
-1
19.5
28
M
0

0
1
11
11

1

potez
31
10
10
0
0
-1
18.5
26
M
0

0
1
11
11

1

potez
32
10
10
0
0
-1
17.5
24
M
0

0
1
11
11

1

potez
33
10
10
0
0
-1
16.5
22
M
0

0
1
11
11

1

potez
34
10
10
0
0
-1
15.5
20
M
0

0
1
11
11

1

potez
35
10
10
0
0
-1
14.5
18
M
0

0
1
11
11

1

potez
36
10
10
0
0
-1
13.5
16
M
0

0
1
11
11

1

potez
37
10
10
0
0
-1
12.5
14
M
0

0
1
11
11

1

potez
38
10
10
0
0
-1
11.5
12
M
0

0
1
11
11

1

potez
39
10
10
0
0
-1
10.5
10
M
1

0
1
11
11

0

potez
40
10
10
0
0
-1
9.5
8
M
0

0
1
11
11

1

potez
41
10
10
0
0
-1
8.5
6
M
0

0
1
11
11

1

potez
42
10
10
0
0
-1
7.5
4
M
0

0
1
11
11

1

potez
43
10
10
0
0
-1
6.5
2
M
0

0
1
11
11

1

potez
44
10
10
0
0
-1
5.5
0
M
0

0
1
11
11

1

potez
45
10
10
0
0
-1
4.5
0
M
0

0
1
11
11

1

potez
46
10
10
0
0
-1
3.5
0
M
0

0
1
11
11

1

potez
47
10
10
0
0
-1
2.5
0
M
0

0
1
11
11

1

potez
48
10
10
0
0
-1
1.5
0
M
0

0
1
11
11

1

potez
49
10
10
0
0
-1
0.5
0
M
0

0
1
11
11

1

potez
50
10
10
0
0
-1
0
0
M
0

0
1
11
11

1

potez
51
10
10
0
0
-1
0
0
M
0

0
1
11
11

1

potez
52
10
10
0
0
-1
0
0
M
0

0
1
11
11

1

potez
53
10
10
0
0
-1
0
0
M
0

0
1
11
11

1

potez
54
10
10
0
0
-1
0
0
M
0

0
1
11
11

1

potez
55
10
10
0
0
-1
0
0
M
0

0
1
11
11

1

potez
56
10
10
0
0
-1
0
0
M
0

0
1
11
11

1

potez
57
10
10
0
0
-1
0
0
M
0

0
1
11
11

1

potez
58
10
10
0
0
-1
0
0
M
0

0
1
11
11

1

potez
59
10
10
0
0
-1
0
0
M
0

0
1
11
11

1

potez
60
10
10
0
0
-1
0
0
M
0

0
1
11
11

1

potez
61
10
10
0
0
-1
0
0
M
0

0
1
11
11

1

potez
62
10
10
0
0
-1
0
0
M
0

0
1
11
11

1

potez
63
10
10
0
0
-1
0
0
M
0

0
1
11
11

1

potez
64
10
10
0
0
-1
0
0
M
0

0
1
11
11

1

potez
65
10
10
0
0
-1
0
0
M
0

0
1
11
11

1

potez
66
10
10
0
0
-1
0
0
M
0

0
1
11
11

1

potez
67
10
10
0
0
-1
0
0
M
0

0
1
11
11

1

potez
68
10
10
0
0
-1
0
0
M
0

0
1
11
11

1

potez
69
10
10
0
0
-1
0
0
M
0

0
1
11
11

1

potez
70
10
10
0
0
-1
0
0
M
0

0
1
11
11

1

potez
71
10
10
0
0
-1
0
0
M
0

0
1
11
11

1

potez
72
10
10
0
0
-1
0
0
M
0

0
1
11
11

1

potez
73
10
10
0
0
-1
0
0
M
0

0
1
11
11

1

potez
74
10
10
0
0
-1
0
0
M
0

0
1
11
11

1

potez
75
10
10
0
0
-1
0
0
M
0

0
1
11
11

1

potez
76
10
10
0
0
-1
0
0
M
0

0
1
11
11

1

potez
77
10
10
0
0
-1
0
0
M
0

0
1
11
11

1

potez
78
10
10
0
0
-1
0
0
M
0

0
1
11
11

1

potez
79
10
10
0
0
-1
0
0
M
0

0
1
11
11

1

potez
80
10
10
0
0
-1
0
0
M
0

0
1
11
11

1

potez
81
10
10
0
0
-1
0
0
M
0

0
1
11
11

1

potez
82
10
10
0
0
-1
0
0
M
0

0
1
11
11

1

potez
83
10
10
0
0
-1
0
0
M
0

0
1
11
11

1

potez
84
10
10
0
0
-1
0
0
M
0

0
1
11
11

1

potez
85
10
10
0
0
-1
0
0
M
0

0
1
11
11

1

potez
86
10
10
0
0
-1
0
0
M
0

0
1
11
11

1

potez
87
10
10
0
0
-1
0
0
M
0

0
1
11
11

1

potez
88
10
10
0
0
-1
0
0
M
0

0
1
11
11

1

potez
89
10
10
0
0
-1
0
0
M
0

0
1
11
11

1

potez
90
10
10
0
0
-1
0
0
M
0

0
1
11
11

1

potez
91
10
10
0
0
-1
0
0
M
0

0
1
11
11

1

potez
92
10
10
0
0
-1
0
0
M
0

0
1
11
11

1

potez
93
10
10
0
0
-1
0
0
M
0

0
1
11
11

1

potez
94
10
10
0
0
-1
0
0
M
0

0
1
11
11

1

potez
95
10
10
0
0
-1
0
0
M
0

0
1
11
11

1

potez
96
10
10
0
0
-1
0
0
M
0

0
1
11
11

1

potez
97
10
10
0
0
-1
0
0
M
0

0
1
11
11

1

potez
98
10
10
0
0
-1
0
0
M
0

0
1
11
11

1

potez
99
10
10
0
0
-1
0
0
M
0

0
1
11
11

1

